3056 768 3137 845
2727 1033 2803 1109
3198 1233 3288 1321
2788 659 2858 737
2678 1000 2755 1087
3222 945 3284 1016
3211 946 3301 1034
3252 1047 3314 1097
3386 977 3448 1028
2825 820 2887 871
3179 1732 3275 1832
3416 1414 3504 1494
3461 1600 3523 1671
3143 1534 3208 1602
3145 1434 3247 1529
3385 1836 3447 1886
3083 1844 3141 1912
3716 1329 3778 1380
3167 1494 3225 1562
3220 1314 3301 1391
2000 2552 2064 2636
2146 2723 2230 2799
2330 2084 2395 2152
1917 2239 2013 2339
2078 2190 2136 2258
2074 2694 2162 2774
1987 2438 2111 2524
2214 2299 2298 2375
2229 2192 2288 2274
2158 2326 2242 2402
1568 2184 1633 2252
1965 2589 2089 2675
1881 2284 1946 2352
2225 2484 2283 2552
1515 2193 1603 2273
1585 2309 1666 2386
1804 2174 1866 2245
1517 2331 1575 2399
1658 1873 1723 1941
1786 1836 1848 1907
3605 2163 3664 2231
3708 2871 3770 2942
3576 2440 3638 2511
3512 2748 3574 2827
3615 2517 3677 2568
3520 2864 3579 2932
3512 2664 3603 2762
3569 2845 3653 2921
3765 2595 3841 2671
3672 2779 3730 2847
